{
  "advancedEditorSelectedIdentifier" : "ProjectBrowser",
  "openSceneRelativePaths" : [
    "Immersive.usda"
  ],
  "recentIdentifiers" : {
    "AF09ED6F-1707-48FD-8720-65B998362C09" : [

    ]
  },
  "sceneCameraHistory" : {
    "AF09ED6F-1707-48FD-8720-65B998362C09" : [
      {
        "date" : 801755105.621453,
        "title" : "Untitled",
        "transform" : [
          0.6264986,
          -3.9929873e-09,
          -0.7794225,
          0,
          -0.27955863,
          0.9334629,
          -0.22470868,
          0,
          0.72756207,
          0.3586738,
          0.58481324,
          0,
          0.18143195,
          0.13089706,
          0.19869575,
          1
        ]
      },
      {
        "date" : 801755100.304184,
        "title" : "Untitled",
        "transform" : [
          0.6264986,
          -3.9929873e-09,
          -0.7794225,
          0,
          -0.27955863,
          0.9334629,
          -0.22470868,
          0,
          0.72756207,
          0.3586738,
          0.58481324,
          0,
          0.04791465,
          0.03456881,
          0.052473877,
          1
        ]
      },
      {
        "date" : 801755097.155053,
        "title" : "Untitled",
        "transform" : [
          0.6264986,
          -3.9929873e-09,
          -0.7794225,
          0,
          -0.27955863,
          0.9334629,
          -0.22470868,
          0,
          0.72756207,
          0.3586738,
          0.58481324,
          0,
          0.050676983,
          0.047462482,
          0.041129407,
          1
        ]
      },
      {
        "date" : 801754234.276306,
        "title" : "Untitled",
        "transform" : [
          0.6264986,
          -3.9929873e-09,
          -0.7794225,
          0,
          -0.27955863,
          0.9334629,
          -0.22470868,
          0,
          0.72756207,
          0.3586738,
          0.58481324,
          0,
          2.9705472,
          2.7821217,
          2.4108934,
          1
        ]
      },
      {
        "date" : 801754219.94885,
        "title" : "Untitled",
        "transform" : [
          0.6264986,
          -3.9929873e-09,
          -0.7794225,
          0,
          -0.27955863,
          0.9334629,
          -0.22470868,
          0,
          0.72756207,
          0.3586738,
          0.58481324,
          0,
          2.9835963,
          1.7557259,
          3.0241613,
          1
        ]
      },
      {
        "date" : 801754212.703034,
        "title" : "Untitled",
        "transform" : [
          0.6264986,
          -3.9929873e-09,
          -0.7794225,
          0,
          -0.27955863,
          0.9334629,
          -0.22470868,
          0,
          0.72756207,
          0.3586738,
          0.58481324,
          0,
          3.1029787,
          1.4198194,
          3.0816553,
          1
        ]
      },
      {
        "date" : 801754203.004769,
        "title" : "Untitled",
        "transform" : [
          0.6264986,
          -3.9929873e-09,
          -0.7794225,
          0,
          -0.27955863,
          0.9334629,
          -0.22470868,
          0,
          0.72756207,
          0.3586738,
          0.58481324,
          0,
          2.967074,
          0.4307661,
          3.8573322,
          1
        ]
      },
      {
        "date" : 801754194.996838,
        "title" : "Untitled",
        "transform" : [
          0.9687574,
          0,
          -0.24801002,
          0,
          -0.1753696,
          0.7071068,
          -0.68501496,
          0,
          0.17536958,
          0.70710665,
          0.6850151,
          0,
          1.0917913,
          2.8775017,
          3.411706,
          1
        ]
      },
      {
        "date" : 801754188.087824,
        "title" : "Untitled",
        "transform" : [
          0.9588328,
          0,
          -0.28397125,
          0,
          -0.20079799,
          0.7071068,
          -0.6779971,
          0,
          0.200798,
          0.7071067,
          0.6779973,
          0,
          1.2606535,
          2.977573,
          3.4857595,
          1
        ]
      },
      {
        "date" : 801754172.509343,
        "title" : "Untitled",
        "transform" : [
          0.7887066,
          0,
          -0.61476976,
          0,
          -0.43470788,
          0.7071068,
          -0.55769974,
          0,
          0.4347079,
          0.7071067,
          0.55769986,
          0,
          2.3031669,
          2.2574697,
          3.5547557,
          1
        ]
      }
    ]
  },
  "sceneViewportBackgroundColors" : {

  },
  "selectedSceneRelativePath" : "Immersive.usda"
}