{
  "advancedEditorSelectedIdentifier" : "ProjectBrowser",
  "openSceneRelativePaths" : [
    "realbox.usda"
  ],
  "recentIdentifiers" : {
    "AF09ED6F-1707-48FD-8720-65B998362C09" : [

    ]
  },
  "sceneCameraHistory" : {
    "0900BE3A-71F7-4441-9670-286D7732910B" : [
      {
        "date" : 801758016.99172,
        "title" : "Untitled",
        "transform" : [
          0.9998755,
          0,
          0.015776992,
          0,
          0.011156037,
          0.7071068,
          -0.7070187,
          0,
          -0.011156027,
          0.7071066,
          0.7070189,
          0,
          0.02951976,
          1.7519886,
          1.7469654,
          1
        ]
      },
      {
        "date" : 801757997.004748,
        "title" : "Untitled",
        "transform" : [
          0.9998755,
          0,
          0.015776992,
          0,
          0.011156037,
          0.7071068,
          -0.7070187,
          0,
          -0.011156027,
          0.7071066,
          0.7070189,
          0,
          0.013698537,
          0.81300396,
          0.81067294,
          1
        ]
      },
      {
        "date" : 801757936.630185,
        "title" : "Untitled",
        "transform" : [
          0.9998755,
          0,
          0.015776992,
          0,
          0.011156037,
          0.7071068,
          -0.7070187,
          0,
          -0.011156027,
          0.7071066,
          0.7070189,
          0,
          0.013141236,
          0.3044306,
          0.3086883,
          1
        ]
      },
      {
        "date" : 801757850.688071,
        "title" : "Untitled",
        "transform" : [
          0.9998755,
          0,
          0.015776992,
          0,
          0.011156037,
          0.7071068,
          -0.7070187,
          0,
          -0.011156027,
          0.7071066,
          0.7070189,
          0,
          0.012323606,
          0.24029657,
          0.32306394,
          1
        ]
      },
      {
        "date" : 801757846.620786,
        "title" : "Untitled",
        "transform" : [
          0.9998755,
          0,
          0.015776992,
          0,
          0.011156037,
          0.7071068,
          -0.7070187,
          0,
          -0.011156027,
          0.7071066,
          0.7070189,
          0,
          0.056837067,
          1.0613046,
          1.3407177,
          1
        ]
      },
      {
        "date" : 801757719.134762,
        "title" : "Untitled",
        "transform" : [
          0.9998755,
          0,
          0.015776992,
          0,
          0.011156037,
          0.7071068,
          -0.7070187,
          0,
          -0.011156027,
          0.7071066,
          0.7070189,
          0,
          0.012012334,
          0.22430336,
          0.28335643,
          1
        ]
      },
      {
        "date" : 801757712.039213,
        "title" : "Untitled",
        "transform" : [
          0.9829423,
          0,
          0.18391417,
          0,
          0.13004696,
          0.7071068,
          -0.69504505,
          0,
          -0.130047,
          0.7071066,
          0.6950453,
          0,
          -0.37963653,
          2.3738418,
          2.9773986,
          1
        ]
      },
      {
        "date" : 801757625.314623,
        "title" : "Untitled",
        "transform" : [
          0.9829423,
          0,
          0.18391417,
          0,
          0.13004696,
          0.7071068,
          -0.69504505,
          0,
          -0.130047,
          0.7071066,
          0.6950453,
          0,
          -0.8121764,
          2.197618,
          3.07575,
          1
        ]
      },
      {
        "date" : 801757619.752828,
        "title" : "Untitled",
        "transform" : [
          0.7932718,
          0,
          -0.60886776,
          0,
          -0.43053442,
          0.7071068,
          -0.56092775,
          0,
          0.43053457,
          0.7071066,
          0.5609279,
          0,
          1.5635859,
          1.9719527,
          1.2425146,
          1
        ]
      },
      {
        "date" : 801757604.832541,
        "title" : "Untitled",
        "transform" : [
          0.7932718,
          0,
          -0.60886776,
          0,
          -0.43053442,
          0.7071068,
          -0.56092775,
          0,
          0.43053457,
          0.7071066,
          0.5609279,
          0,
          0.28579807,
          0.3369619,
          0.06306134,
          1
        ]
      }
    ],
    "AF09ED6F-1707-48FD-8720-65B998362C09" : [
      {
        "date" : 801755259.90017,
        "title" : "Untitled",
        "transform" : [
          0.65806645,
          -3.9929873e-09,
          0.7529599,
          0,
          0.27006704,
          0.9334629,
          -0.23603135,
          0,
          -0.7028602,
          0.3586738,
          0.6142807,
          0,
          -0.111879945,
          0.07932295,
          0.05217596,
          1
        ]
      },
      {
        "date" : 801755257.952456,
        "title" : "Untitled",
        "transform" : [
          0.65806645,
          -3.9929873e-09,
          0.7529599,
          0,
          0.27006704,
          0.9334629,
          -0.23603135,
          0,
          -0.7028602,
          0.3586738,
          0.6142807,
          0,
          -0.121646486,
          0.05318181,
          0.056264717,
          1
        ]
      },
      {
        "date" : 801755252.335294,
        "title" : "Untitled",
        "transform" : [
          0.6264986,
          -3.9929873e-09,
          -0.7794225,
          0,
          -0.27955863,
          0.9334629,
          -0.22470868,
          0,
          0.72756207,
          0.3586738,
          0.58481324,
          0,
          0.091493905,
          0.052613612,
          0.091822684,
          1
        ]
      },
      {
        "date" : 801755105.621453,
        "title" : "Untitled",
        "transform" : [
          0.6264986,
          -3.9929873e-09,
          -0.7794225,
          0,
          -0.27955863,
          0.9334629,
          -0.22470868,
          0,
          0.72756207,
          0.3586738,
          0.58481324,
          0,
          0.18143195,
          0.13089706,
          0.19869575,
          1
        ]
      },
      {
        "date" : 801755100.304184,
        "title" : "Untitled",
        "transform" : [
          0.6264986,
          -3.9929873e-09,
          -0.7794225,
          0,
          -0.27955863,
          0.9334629,
          -0.22470868,
          0,
          0.72756207,
          0.3586738,
          0.58481324,
          0,
          0.04791465,
          0.03456881,
          0.052473877,
          1
        ]
      },
      {
        "date" : 801755097.155053,
        "title" : "Untitled",
        "transform" : [
          0.6264986,
          -3.9929873e-09,
          -0.7794225,
          0,
          -0.27955863,
          0.9334629,
          -0.22470868,
          0,
          0.72756207,
          0.3586738,
          0.58481324,
          0,
          0.050676983,
          0.047462482,
          0.041129407,
          1
        ]
      },
      {
        "date" : 801754234.276306,
        "title" : "Untitled",
        "transform" : [
          0.6264986,
          -3.9929873e-09,
          -0.7794225,
          0,
          -0.27955863,
          0.9334629,
          -0.22470868,
          0,
          0.72756207,
          0.3586738,
          0.58481324,
          0,
          2.9705472,
          2.7821217,
          2.4108934,
          1
        ]
      },
      {
        "date" : 801754219.94885,
        "title" : "Untitled",
        "transform" : [
          0.6264986,
          -3.9929873e-09,
          -0.7794225,
          0,
          -0.27955863,
          0.9334629,
          -0.22470868,
          0,
          0.72756207,
          0.3586738,
          0.58481324,
          0,
          2.9835963,
          1.7557259,
          3.0241613,
          1
        ]
      },
      {
        "date" : 801754212.703034,
        "title" : "Untitled",
        "transform" : [
          0.6264986,
          -3.9929873e-09,
          -0.7794225,
          0,
          -0.27955863,
          0.9334629,
          -0.22470868,
          0,
          0.72756207,
          0.3586738,
          0.58481324,
          0,
          3.1029787,
          1.4198194,
          3.0816553,
          1
        ]
      },
      {
        "date" : 801754203.004769,
        "title" : "Untitled",
        "transform" : [
          0.6264986,
          -3.9929873e-09,
          -0.7794225,
          0,
          -0.27955863,
          0.9334629,
          -0.22470868,
          0,
          0.72756207,
          0.3586738,
          0.58481324,
          0,
          2.967074,
          0.4307661,
          3.8573322,
          1
        ]
      }
    ]
  },
  "sceneViewportBackgroundColors" : {

  },
  "selectedSceneRelativePath" : "realbox.usda"
}